24 25 33 37 40 47
17 17 21 21 22 28 31
77 80 87 95 101 111
-21 -20 -11 -10
22 29 36 46 56 66 66 70 76
-13 -3 -3 2 2 7
Impossible
Impossible
-24 -21 -20 -13 -11 -1 -1
8 8 16 17 19 27 29
9 10 15 23 29
-18 -14 -9 1 10 13
-10 -9 -8 -4 5
92 102 105 108
Impossible
17 18 22
90 94 104 109 113 113 114 114 124
35 41 44 47
-16 -16 -8
-20 -18 -16 -6
76 79 84 94 95
30 31 34
-6 -4 -1 9 13 18 21 23 23
Impossible
52 61 67 67 68 76 82
37 46 49 53 57 66 69 77 77
35 37 37 45 55 56 62
91 92 100
42 44 49 51 54
93 100 103 104 107 115
60 60 61 61 68 77 82 89 93
Impossible
50 53 55
-26 -16 -10 -1 0 3 3 9 18
26 32 35
32 38 43 44
-29 -19 -17 -14 -10 -2
-27 -18 -13 -4 2
-23 -23 -22 -18 -11 -7 -6 -4 6
34 35 36 41 46 55
43 51 57
83 92 102 105 112 113 118
-24 -17 -8 -6 4 10 19
Impossible
Impossible
77 85 87 88 93 95 105 112 120
88 94 99 100 101 102 110 114 123
38 44 48 50 59
Impossible
-30 -25 -17 -13 -10 -4 4 14 23
3906 3931 3938
1397 1421 1433 1458 1463 1481 1484
771 797 811 836 857 871 882
7034 7043 7073
7999 8016 8036 8065 8077 8081 8092
2550 2564 2565 2582 2607 2636 2644
8436 8436 8442 8443 8463
7976 7996 8008 8031 8061 8088
6719 6721 6724 6737 6753 6765 6793 6798 6812
9163 9167 9176 9187 9217 9247 9263 9275
4931 4953 4982 4995 5004 5033 5043
6688 6718 6735 6747 6773 6779 6801 6816 6846
842 869 882 908 928 934
9673 9689 9705 9730 9756
1520 1547 1566 1582 1590 1613 1632
4921 4944 4961 4971 4972 4994 4996
7263 7268 7272 7278 7283 7304 7332 7348 7368
Impossible
Impossible
Impossible
-1853 -1834 -1829 -1812 -1800 -1786 -1761 -1744
385 408 432
6351 6373 6374 6404
Impossible
8916 8928 8953 8981 8988 8999 9014 9019
-473 -450 -428 -418 -408
4394 4420 4447
-2258 -2244 -2238 -2217 -2196 -2176 -2166
Impossible
4423 4453 4458 4468 4471 4497
-576 -561 -557 -539 -539 -524
5329 5354 5371 5393 5412 5419 5420 5447
1488 1507 1509 1530
965 974 984 995
-2276 -2268 -2249
8834 8858 8885 8898 8909 8918 8926
1174 1201 1225 1232 1259
3184 3189 3199 3210
9291 9315 9334 9344 9365 9365
-27 -10 2 8 16
8000 8018 8019 8049 8060 8073 8093
436 452 470 495 504 529
8682 8690 8695 8696 8710 8735 8756
-501 -491 -466 -461 -446 -422 -416
3013 3041 3053 3062
5762 5771 5783 5803 5824 5831 5854
-689 -661 -649 -628 -603 -579 -555 -553 -547
5675 5703 5713 5727 5756 5764 5790
-916 -904 -892 -868 -851
7461 7463 7472 7480 7503 7503 7518 7534 7562
