2 -1
1 -2
1 -18
1 -2
2 1
0 -500
1 0
0 -500
1 -1
1 -18
2 1
1 -12
1 1
1 -1
1 -74
5 4
1 -39
0 -500
1 0
1 -5
3 -1
1 -5
1 -15
2 -3
2 1
3 -1
1 1
1 0
1 0
1 0
1 -27
1 -19
1 -1
1 -1
1 -3
1 2
9 -1
2 1
2 -1
1 -42
1 2
1 -3
1 -24
1 -12
1 -2
2 -1
1 -3
1 4
1 -59
4 -1
1 4
1 -39
2 -5
1 2
1 9
7 1
40 1
1 -22
2 -1
1 0
1 1
1 -12
3 -1
4 3
0 -500
1 9
1 0
1 -3
1 -12
1 7
1 -68
15 8
3 -2
1 0
1 -11
3 1
2 -5
1 -33
1 0
1 -4
3 1
1 3
1 0
1 0
1 -7
1 -2
1 0
2 -5
6 1
1 -1
28 37
1 -7
1 -16
1 8
2 -3
2 3
1 10
1 0
1 5
1 -8
2 -1
1 1
3 1
2 3
1 -500
2 3
2 -3
1 3
2 7
44 23
4 -1
3 1
0 -500
1 2
3 -2
1 -17
1 3
0 -500
1 -13
1 1
0 -500
1 -28
0 -500
1 -92
1 -3
1 -7
1 0
1 -9
1 3
1 0
1 1
1 -6
1 1
1 0
2 1
6 1
1 -2
1 1
7 15
1 1
2 1
1 0
1 1
1 -1
1 -74
1 -23
1 -4
1 -500
1 2
1 2
1 1
3 -1
1 -2
1 7
1 0
1 -83
1 0
1 1
1 -11
5 2
2 1
4 -1
2 -1
3 -7
1 41
1 -52
6 5
2 7
0 -500
1 0
3 1
1 -15
1 -1
2 -1
0 -500
3 -2
36 -5
1 -1
0 -500
1 6
5 2
1 0
1 -16
1 6
1 -1
1 -19
1 0
4 -1
1 -21
1 0
1 -2
2 1
1 -13
1 1
1 -500
2 -7
0 -500
1 -14
0 -500
1 -2
1 -23
1 5
1 0
1 -16
2 -1
0 -500
1 -1
1 -81
1 -52
1 -11
5 -2
0 -500
2 -3
1 -2
1 -3
19 10
1 -1
2 3
1 -500
1 1
2 -5
0 -500
2 -3
1 3
1 -93
1 -1
1 -51
1 -4
5 -1
0 -500
1 6
5 -1
1 -8
0 -500
5 -1
1 -2
3 -1
1 -6
1 0
1 6
0 -500
3 1
1 0
2 -5
2 -1
1 4
2 -5
1 -37
0 -500
1 -58
0 -500
4 -11
0 -500
3 1
1 -1
1 9
